# File turning reverb off
reverbGain = 0.0 #main reverb gain control

# FDN settings
fdnInGains = 1.0
fdnOutGains = 1.0

fdnMatrixGains =    1.0  1.0  1.0  1.0    1.0  1.0  1.0  1.0    1.0  1.0  1.0  1.0    1.0  1.0  1.0  1.0
fdnPreMatrixGains = 1.0  1.0  1.0  1.0    1.0  1.0  1.0  1.0    1.0  1.0  1.0  1.0    1.0  1.0  1.0  1.0

numberOfBands = 16
#---------------------------------------------------------------------------------

band0a=1.0 0.0 0.0 0.0 0.0
band0b=0.0 0.0 0.0 0.0 0.0 

band1a=1.0 0.0 0.0 0.0 0.0
band1b=0.0 0.0 0.0 0.0 0.0 

band2a=1.0 0.0 0.0 0.0 0.0
band2b=0.0 0.0 0.0 0.0 0.0 

band3a=1.0 0.0 0.0 0.0 0.0
band3b=0.0 0.0 0.0 0.0 0.0 

band4a=1.0 0.0 0.0 0.0 0.0
band4b=0.0 0.0 0.0 0.0 0.0 

band5a=1.0 0.0 0.0 0.0 0.0
band5b=0.0 0.0 0.0 0.0 0.0 

band6a=1.0 0.0 0.0 0.0 0.0
band6b=0.0 0.0 0.0 0.0 0.0 

band7a=1.0 0.0 0.0 0.0 0.0
band7b=0.0 0.0 0.0 0.0 0.0 

band8a=1.0 0.0 0.0 0.0 0.0
band8b=0.0 0.0 0.0 0.0 0.0 

band9a=1.0 0.0 0.0 0.0 0.0
band9b=0.0 0.0 0.0 0.0 0.0 

band10a=1.0 0.0 0.0 0.0 0.0
band10b=0.0 0.0 0.0 0.0 0.0 

band11a=1.0 0.0 0.0 0.0 0.0
band11b=0.0 0.0 0.0 0.0 0.0 

band12a=1.0 0.0 0.0 0.0 0.0
band12b=0.0 0.0 0.0 0.0 0.0 

band13a=1.0 0.0 0.0 0.0 0.0
band13b=0.0 0.0 0.0 0.0 0.0 

band14a=1.0 0.0 0.0 0.0 0.0
band14b=0.0 0.0 0.0 0.0 0.0 

band15a=1.0 0.0 0.0 0.0 0.0
band15b=0.0 0.0 0.0 0.0 0.0 
